spe	Sp1	Sp2	Sp4	Sp6	Sp7	Sp11	Sp15	Sp17	Sp19	Sp22	Sp25	Sp26	Sp27	Sp28	Sp36	Sp48	Sp50	Sp55	Sp56	Sp62	Sp63	Sp64	Sp67	Sp68	Sp72	Sp74	Sp75	Sp5	Sp13	Sp12	Sp21	Sp32	Sp40	Sp51	Sp85	Sp54	Sp3	Sp10	Sp14	Sp16	Sp20	Sp24	Sp29	Sp30	Sp31	Sp42	Sp43	Sp46	Sp57	Sp58	Sp59	Sp70	Sp78	Sp80	Sp83
Sp1	1	1.5	1	3	3	1.5	2	1.5	2	3	2	1.5	2	3	3	1.5	1.5	2	2	2	1.5	1.5	2	1.5	2	2	1.5	3	3	4	4	4	4	4	4	4	4	4	4	4	4	4	4	4	4	4	4	4	4	4	4	4	4	4	4
Sp2	2	1	2	3	3	2	1.5	2	2	3	2	2	1.5	3	3	2	2	2	1.5	2	2	2	2	2	2	2	2	3	3	4	4	4	4	4	4	4	4	4	4	4	4	4	4	4	4	4	4	4	4	4	4	4	4	4	4
Sp4	1.5	2	1	3	3	1.5	2	1.5	2	3	2	1.5	2	3	3	1.5	1.5	2	2	2	1.5	1.5	2	1.5	2	2	1.5	3	3	4	4	4	4	4	4	4	4	4	4	4	4	4	4	4	4	4	4	4	4	4	4	4	4	4	4
Sp6	3	3	3	1	3	3	3	3	3	3	3	3	3	3	3	3	3	3	3	3	3	3	3	3	3	3	3	3	3	4	4	4	4	4	4	4	4	4	4	4	4	4	4	4	4	4	4	4	4	4	4	4	4	4	4
Sp7	3	3	3	3	1	3	3	3	3	3	3	3	3	3	3	3	3	3	3	3	3	3	3	3	3	3	3	3	3	4	4	4	4	4	4	4	4	4	4	4	4	4	4	4	4	4	4	4	4	4	4	4	4	4	4
Sp11	1.5	2	1.5	3	3	1	2	1.5	2	3	2	1.5	2	3	3	1.5	1.5	2	2	2	1.5	1.5	2	1	2	2	1.5	3	3	4	4	4	4	4	4	4	4	4	4	4	4	4	4	4	4	4	4	4	4	4	4	4	4	4	4
Sp15	2	1.5	2	3	3	2	1	2	2	3	2	2	1.5	3	3	2	2	2	1.5	2	2	2	2	2	2	2	2	3	3	4	4	4	4	4	4	4	4	4	4	4	4	4	4	4	4	4	4	4	4	4	4	4	4	4	4
Sp17	1.5	2	1.5	3	3	1.5	2	1	2	3	2	1.5	2	3	3	1.5	1.5	2	2	2	1	1.5	2	1.5	2	2	1.5	3	3	4	4	4	4	4	4	4	4	4	4	4	4	4	4	4	4	4	4	4	4	4	4	4	4	4	4
Sp19	2	2	2	3	3	2	2	2	1	3	2	2	2	3	3	2	2	2	2	2	2	2	2	2	2	2	2	3	3	4	4	4	4	4	4	4	4	4	4	4	4	4	4	4	4	4	4	4	4	4	4	4	4	4	4
Sp22	3	3	3	3	3	3	3	3	3	1	3	3	3	3	3	3	3	3	3	3	3	3	3	3	3	3	3	3	3	4	4	4	4	4	4	4	4	4	4	4	4	4	4	4	4	4	4	4	4	4	4	4	4	4	4
Sp25	2	2	2	3	3	2	2	2	2	3	1	2	2	3	3	2	2	2	2	1	2	2	2	2	2	2	2	3	3	4	4	4	4	4	4	4	4	4	4	4	4	4	4	4	4	4	4	4	4	4	4	4	4	4	4
Sp26	1.5	2	1.5	3	3	1.5	2	1.5	2	3	2	1	2	3	3	1.5	1.5	2	2	2	1.5	1	2	1.5	2	2	1.5	3	3	4	4	4	4	4	4	4	4	4	4	4	4	4	4	4	4	4	4	4	4	4	4	4	4	4	4
Sp27	2	1.5	2	3	3	2	1.5	2	2	3	2	2	1	3	3	2	2	2	1.5	2	2	2	2	2	2	2	2	3	3	4	4	4	4	4	4	4	4	4	4	4	4	4	4	4	4	4	4	4	4	4	4	4	4	4	4
Sp28	3	3	3	3	3	3	3	3	3	3	3	3	3	1	3	3	3	3	3	3	3	3	3	3	3	3	3	3	2	4	4	4	4	4	4	4	4	4	4	4	4	4	4	4	4	4	4	4	4	4	4	4	4	4	4
Sp36	3	3	3	3	3	3	3	3	3	3	3	3	3	3	1	3	3	3	3	3	3	3	3	3	3	3	3	3	3	4	4	4	4	4	4	4	4	4	4	4	4	4	4	4	4	4	4	4	4	4	4	4	4	4	4
Sp48	1.5	2	1.5	3	3	1.5	2	1.5	2	3	2	1.5	2	3	3	1	1.5	2	2	2	1.5	1.5	2	1.5	2	2	1.5	3	3	4	4	4	4	4	4	4	4	4	4	4	4	4	4	4	4	4	4	4	4	4	4	4	4	4	4
Sp50	1.5	2	1.5	3	3	1.5	2	1.5	2	3	2	1.5	2	3	3	1.5	1	2	2	2	1.5	1.5	2	1.5	2	2	1.5	3	3	4	4	4	4	4	4	4	4	4	4	4	4	4	4	4	4	4	4	4	4	4	4	4	4	4	4
Sp55	2	2	2	3	3	2	2	2	2	3	2	2	2	3	3	2	2	1	2	2	2	2	1.5	2	1	2	2	3	3	4	4	4	4	4	4	4	4	4	4	4	4	4	4	4	4	4	4	4	4	4	4	4	4	4	4
Sp56	2	1.5	2	3	3	2	1.5	2	2	3	2	2	1.5	3	3	2	2	2	1	2	2	2	2	2	2	2	2	3	3	4	4	4	4	4	4	4	4	4	4	4	4	4	4	4	4	4	4	4	4	4	4	4	4	4	4
Sp62	2	2	2	3	3	2	2	2	2	3	1	2	2	3	3	2	2	2	2	1	2	2	2	2	2	2	2	3	3	4	4	4	4	4	4	4	4	4	4	4	4	4	4	4	4	4	4	4	4	4	4	4	4	4	4
Sp63	1.5	2	1.5	3	3	1.5	2	1	2	3	2	1.5	2	3	3	1.5	1.5	2	2	2	1	1.5	2	1.5	2	2	1.5	3	3	4	4	4	4	4	4	4	4	4	4	4	4	4	4	4	4	4	4	4	4	4	4	4	4	4	4
Sp64	1.5	2	1.5	3	3	1.5	2	1.5	2	3	2	1	2	3	3	1.5	1.5	2	2	2	1.5	1	2	1.5	2	2	1.5	3	3	4	4	4	4	4	4	4	4	4	4	4	4	4	4	4	4	4	4	4	4	4	4	4	4	4	4
Sp67	2	2	2	3	3	2	2	2	2	3	2	2	2	3	3	2	2	1.5	2	2	2	2	1	2	1.5	2	2	3	3	4	4	4	4	4	4	4	4	4	4	4	4	4	4	4	4	4	4	4	4	4	4	4	4	4	4
Sp68	1.5	2	1.5	3	3	1	2	1.5	2	3	2	1.6	2	3	3	1.5	1.5	2	2	2	1.5	1.5	2	1	2	2	1.5	3	3	4	4	4	4	4	4	4	4	4	4	4	4	4	4	4	4	4	4	4	4	4	4	4	4	4	4
Sp72	2	2	2	3	3	2	2	2	2	3	2	2	2	3	3	2	2	1	2	2	2	2	1.5	2	1	2	2	3	3	4	4	4	4	4	4	4	4	4	4	4	4	4	4	4	4	4	4	4	4	4	4	4	4	4	4
Sp74	2	2	2	3	3	2	2	2	2	3	2	2	2	3	3	2	2	2	2	2	2	2	2	2	2	1	2	3	3	4	4	4	4	4	4	4	4	4	4	4	4	4	4	4	4	4	4	4	4	4	4	4	4	4	4
Sp75	1.5	2	1.5	3	3	1.5	2	1.5	2	3	2	1.5	2	3	3	1.5	1.5	2	2	2	1.5	1.5	2	1.5	2	2	1	3	3	4	4	4	4	4	4	4	4	4	4	4	4	4	4	4	4	4	4	4	4	4	4	4	4	4	4
Sp5	3	3	3	3	3	3	3	3	3	3	3	3	3	3	3	3	3	3	3	3	3	3	3	3	3	3	3	1	3	4	4	4	4	4	4	4	4	4	4	4	4	4	4	4	4	4	4	4	4	4	4	4	4	4	4
Sp13	3	3	3	3	3	3	3	3	3	3	3	3	3	2	3	3	3	3	3	3	3	3	3	3	3	3	3	3	1	4	4	4	4	4	4	4	4	4	4	4	4	4	4	4	4	4	4	4	4	4	4	4	4	4	4
Sp12	4	4	4	4	4	4	4	4	4	4	4	4	4	4	4	4	4	4	4	4	4	4	4	4	4	4	4	4	4	1	2	2	2	1.5	1.5	4	4	4	4	4	4	4	4	4	4	4	4	4	4	4	4	4	4	4	4
Sp21	4	4	4	4	4	4	4	4	4	4	4	4	4	4	4	4	4	4	4	4	4	4	4	4	4	4	4	4	4	2	1	2	2	2	2	4	4	4	4	4	4	4	4	4	4	4	4	4	4	4	4	4	4	4	4
Sp32	4	4	4	4	4	4	4	4	4	4	4	4	4	4	4	4	4	4	4	4	4	4	4	4	4	4	4	4	4	2	2	1	2	2	2	4	4	4	4	4	4	4	4	4	4	4	4	4	4	4	4	4	4	4	4
Sp40	4	4	4	4	4	4	4	4	4	4	4	4	4	4	4	4	4	4	4	4	4	4	4	4	4	4	4	4	4	2	2	2	1	2	2	4	4	4	4	4	4	4	4	4	4	4	4	4	4	4	4	4	4	4	4
Sp51	4	4	4	4	4	4	4	4	4	4	4	4	4	4	4	4	4	4	4	4	4	4	4	4	4	4	4	4	4	1.5	2	2	2	1	1.5	4	4	4	4	4	4	4	4	4	4	4	4	4	4	4	4	4	4	4	4
Sp85	4	4	4	4	4	4	4	4	4	4	4	4	4	4	4	4	4	4	4	4	4	4	4	4	4	4	4	4	4	1.5	2	2	2	1.5	1	4	4	4	4	4	4	4	4	4	4	4	4	4	4	4	4	4	4	4	4
Sp54	4	4	4	4	4	4	4	4	4	4	4	4	4	4	4	4	4	4	4	4	4	4	4	4	4	4	4	4	4	4	4	4	4	4	4	1	4	4	4	4	4	4	4	4	4	4	4	4	4	4	4	4	4	4	4
Sp3	4	4	4	4	4	4	4	4	4	4	4	4	4	4	4	4	4	4	4	4	4	4	4	4	4	4	4	4	4	4	4	4	4	4	4	4	1	3	3	3	3	3	3	2	3	3	3	3	2	2	2	3	3	2	2
Sp10	4	4	4	4	4	4	4	4	4	4	4	4	4	4	4	4	4	4	4	4	4	4	4	4	4	4	4	4	4	4	4	4	4	4	4	4	3	1	3	1	3	3	3	3	1	1	3	3	3	3	3	2	3	3	3
Sp14	4	4	4	4	4	4	4	4	4	4	4	4	4	4	4	4	4	4	4	4	4	4	4	4	4	4	4	4	4	4	4	4	4	4	4	4	3	3	1	3	1.5	2	2	3	3	3	3	3	3	3	3	3	3	3	3
Sp16	4	4	4	4	4	4	4	4	4	4	4	4	4	4	4	4	4	4	4	4	4	4	4	4	4	4	4	4	4	4	4	4	4	4	4	4	3	1	3	1	3	3	3	3	1	1	3	3	3	3	3	2	3	3	3
Sp20	4	4	4	4	4	4	4	4	4	4	4	4	4	4	4	4	4	4	4	4	4	4	4	4	4	4	4	4	4	4	4	4	4	4	4	4	3	3	1.5	3	1	2	2	3	3	3	3	3	3	3	3	3	3	3	3
Sp24	4	4	4	4	4	4	4	4	4	4	4	4	4	4	4	4	4	4	4	4	4	4	4	4	4	4	4	4	4	4	4	4	4	4	4	4	3	3	2	3	2	1	1.5	3	3	3	3	3	3	3	3	3	3	3	3
Sp29	4	4	4	4	4	4	4	4	4	4	4	4	4	4	4	4	4	4	4	4	4	4	4	4	4	4	4	4	4	4	4	4	4	4	4	4	3	3	2	3	2	1.5	1	3	3	3	3	3	3	3	3	3	3	3	3
Sp30	4	4	4	4	4	4	4	4	4	4	4	4	4	4	4	4	4	4	4	4	4	4	4	4	4	4	4	4	4	4	4	4	4	4	4	4	2	3	3	3	3	3	3	1	3	3	3	3	1.5	2	2	3	3	1.5	2
Sp31	4	4	4	4	4	4	4	4	4	4	4	4	4	4	4	4	4	4	4	4	4	4	4	4	4	4	4	4	4	4	4	4	4	4	4	4	3	1	3	1	3	3	3	3	1	1	3	3	3	3	3	2	3	3	3
Sp42	4	4	4	4	4	4	4	4	4	4	4	4	4	4	4	4	4	4	4	4	4	4	4	4	4	4	4	4	4	4	4	4	4	4	4	4	3	1	3	1	3	3	3	3	1	1	3	3	3	3	3	2	3	3	3
Sp43	4	4	4	4	4	4	4	4	4	4	4	4	4	4	4	4	4	4	4	4	4	4	4	4	4	4	4	4	4	4	4	4	4	4	4	4	3	3	3	3	3	3	3	3	3	3	1	3	3	3	3	3	3	3	3
Sp46	4	4	4	4	4	4	4	4	4	4	4	4	4	4	4	4	4	4	4	4	4	4	4	4	4	4	4	4	4	4	4	4	4	4	4	4	3	3	3	3	3	3	3	3	3	3	3	1	3	3	3	3	3	3	3
Sp57	4	4	4	4	4	4	4	4	4	4	4	4	4	4	4	4	4	4	4	4	4	4	4	4	4	4	4	4	4	4	4	4	4	4	4	4	2	3	3	3	3	3	3	1.5	3	3	3	3	1	2	2	3	3	1	2
Sp58	4	4	4	4	4	4	4	4	4	4	4	4	4	4	4	4	4	4	4	4	4	4	4	4	4	4	4	4	4	4	4	4	4	4	4	4	2	3	3	3	3	3	3	2	3	3	3	3	2	1	1.5	3	3	2	1
Sp59	4	4	4	4	4	4	4	4	4	4	4	4	4	4	4	4	4	4	4	4	4	4	4	4	4	4	4	4	4	4	4	4	4	4	4	4	2	3	3	3	3	3	3	2	3	3	3	3	2	1.5	1	3	3	1	2
Sp70	4	4	4	4	4	4	4	4	4	4	4	4	4	4	4	4	4	4	4	4	4	4	4	4	4	4	4	4	4	4	4	4	4	4	4	4	3	2	3	2	3	3	3	3	2	2	3	3	3	3	3	1	3	3	3
Sp78	4	4	4	4	4	4	4	4	4	4	4	4	4	4	4	4	4	4	4	4	4	4	4	4	4	4	4	4	4	4	4	4	4	4	4	4	3	3	3	3	3	3	3	3	3	3	3	3	3	3	3	3	1	3	3
Sp80	4	4	4	4	4	4	4	4	4	4	4	4	4	4	4	4	4	4	4	4	4	4	4	4	4	4	4	4	4	4	4	4	4	4	4	4	2	3	3	3	3	3	3	1.5	3	3	3	3	1	2	2	3	3	1	2
Sp83	4	4	4	4	4	4	4	4	4	4	4	4	4	4	4	4	4	4	4	4	4	4	4	4	4	4	4	4	4	4	4	4	4	4	4	4	2	3	3	3	3	3	3	2	3	3	3	3	2	1	1.5	3	3	2	1
